Tour óptimo:
0
94
30
22
145
6
81
59
35
23
66
148
118
91
130
52
16
11
5
17
92
111
80
85
39
146
18
139
56
119
38
83
144
138
74
135
73
117
10
36
123
2
87
25
21
99
8
101
19
104
102
76
41
49
141
107
116
27
125
115
3
4
20
86
98
129
79
126
63
77
55
58
128
121
136
67
57
71
100
112
88
9
137
134
124
45
42
84
93
37
64
105
89
48
114
149
103
33
147
106
133
110
122
26
28
69
54
72
78
95
131
13
127
61
47
113
15
75
40
90
143
34
12
140
32
62
82
14
51
7
109
65
46
108
97
60
24
50
1
120
29
96
142
70
43
132
68
53
31
44

Distancia total: 49237.06
